30
4
2 4 7 3
3
3 3 3
5
1 2 3 4 5
10
9 7 6 6 1 7 4 3 1 6
10
2 10 8 8 6 8 5 1 1 1
10
10 10 10 10 10 10 10 10 10 10
20
3 5 10 5 8 19 3 7 19 12 7 13 12 11 17 7 8 13 10 11
20
12 19 20 2 11 1 9 7 14 6 15 16 3 6 8 11 2 11 12 15
20
2 2 2 2 2 2 2 2 2 2 2 2 2 2 2 2 2 2 2 2
50
24 10 19 6 25 38 6 20 1 47 4 29 31 35 41 47 26 43 37 36 17 34 27 46 2 34 11 40 21 33 1 24 16 27 25 41 8 34 6 16 48 18 8 27 12 13 31 49 47 9
50
44 44 44 44 44 44 44 44 44 44 44 44 44 44 44 44 44 44 44 44 44 44 44 44 44 44 44 44 44 44 44 44 44 44 44 44 44 44 44 44 44 44 44 44 44 44 44 44 44 44
50
27 33 39 19 44 12 45 15 7 13 2 31 50 39 11 26 32 21 33 44 4 18 8 12 12 15 27 20 40 30 4 33 43 14 11 10 16 6 16 46 7 47 45 36 28 13 3 32 28 33
100
60 36 88 83 29 81 39 6 89 12 41 17 54 11 90 100 11 93 19 16 85 83 95 44 61 94 45 74 62 37 55 58 1 19 38 86 29 31 31 67 80 84 34 34 87 75 5 39 9 11 91 54 20 75 58 27 7 74 6 12 63 19 90 39 26 46 68 30 28 87 24 65 38 41 41 59 33 90 79 5 45 21 16 53 41 72 74 55 12 91 72 44 88 44 89 33 22 1 89 15
100
38 82 79 53 82 56 68 73 41 51 96 80 55 78 31 28 21 76 18 99 85 32 70 65 95 53 53 86 53 58 48 34 7 53 68 63 15 53 94 32 79 50 1 44 100 64 97 88 45 98 25 24 97 52 48 27 97 23 16 22 42 76 35 87 76 87 47 30 59 77 65 100 7 45 77 14 41 23 55 4 82 54 69 47 62 51 15 55 57 69 75 5 29 39 90 52 58 8 10 7
100
2 28 5 79 50 69 64 96 99 74 100 61 76 31 73 58 98 73 37 5 61 20 75 64 15 37 75 26 21 37 46 47 95 30 8 78 74 82 83 94 48 46 2 84 87 33 94 68 14 85 43 72 49 41 38 57 99 12 5 33 69 8 47 49 96 62 86 24 83 38 87 7 74 34 65 74 75 68 33 3 67 71 68 18 38 49 33 53 11 54 12 24 61 72 35 72 31 80 100 13
200
191 107 100 71 171 36 33 154 33 194 55 54 71 165 66 136 57 38 143 112 87 37 160 140 156 113 68 176 71 122 195 37 173 132 40 111 86 53 136 92 175 25 58 162 9 19 95 200 191 175 36 71 93 70 14 162 103 97 13 116 200 170 76 49 141 95 8 128 153 152 118 167 34 28 178 144 187 110 38 75 67 62 176 187 38 37 55 13 155 1 63 14 46 170 50 149 151 52 154 17 34 198 52 60 56 186 191 128 174 191 166 169 149 35 154 179 18 4 116 53 183 1 81 39 161 28 134 176 43 147 6 123 163 87 98 82 139 37 16 155 139 147 176 154 117 13 67 112 97 169 20 75 74 160 3 102 161 182 136 130 137 11 133 196 2 91 175 1 26 35 174 80 81 37 155 63 131 70 154 97 171 6 80 62 166 127 174 163 62 41 55 75 1 94 110 6 113 146 156 133
200
186 13 157 33 31 199 20 112 87 103 164 128 54 168 185 167 94 10 38 114 158 16 117 11 4 155 130 186 128 23 195 8 28 75 131 128 185 159 127 150 51 25 8 140 15 17 18 42 179 174 181 46 104 136 58 53 100 167 144 153 51 59 151 188 151 38 172 75 29 160 191 158 169 73 138 119 125 76 19 25 54 42 131 171 24 100 16 85 180 117 112 138 6 15 94 143 139 45 50 91 195 194 116 87 187 104 170 32 39 2 3 155 150 78 18 96 22 189 78 66 82 142 161 150 73 146 176 10 1 16 51 40 91 92 142 10 145 92 143 120 125 188 57 169 60 130 88 70 83 148 37 149 80 184 108 164 141 12 85 84 80 160 184 153 142 48 77 191 10 190 50 167 160 56 102 154 135 30 110 45 166 119 85 109 70 76 122 133 176 165 45 86 9 163 177 175 11 189 32 114
200
149 110 7 3 60 135 96 34 159 159 122 4 52 143 112 22 11 146 131 25 185 61 197 15 24 50 162 110 185 11 139 193 197 37 125 66 64 18 26 45 23 76 103 177 92 199 69 80 15 30 107 90 87 81 92 60 33 61 77 150 176 197 91 110 102 176 82 159 50 122 136 102 75 23 147 159 76 93 96 162 32 138 118 12 111 142 138 148 2 162 109 19 44 169 131 103 25 5 29 18 195 70 9 6 34 199 47 60 188 65 200 78 167 180 187 73 74 155 120 15 146 31 8 123 92 39 52 102 149 71 165 34 50 198 196 198 110 100 148 17 86 68 53 34 83 94 90 7 32 112 188 132 106 46 176 55 32 200 6 130 147 171 108 152 144 187 83 148 4 15 137 14 136 29 190 111 133 183 82 135 80 150 23 13 9 143 91 95 185 83 114 122 187 107 121 68 141 163 149 85
300
204 106 127 289 191 74 256 17 160 260 8 205 265 255 284 278 68 276 252 219 110 175 136 162 243 220 2 120 102 16 29 246 180 268 116 58 75 217 69 201 99 197 24 278 221 269 270 95 46 119 267 7 86 269 284 268 265 227 213 197 54 250 66 50 158 93 123 215 79 185 197 10 250 35 51 241 186 173 249 192 67 137 208 82 261 76 30 282 96 111 287 68 83 298 200 277 195 146 47 279 167 137 115 45 107 123 201 178 57 223 268 12 118 90 25 122 228 244 154 154 11 133 68 157 130 189 138 204 280 215 220 288 159 9 244 268 196 169 283 157 91 56 187 66 93 260 296 222 199 92 281 231 260 76 228 176 127 258 193 173 138 75 166 57 195 211 214 280 49 32 32 298 58 244 279 232 154 188 24 122 173 52 50 60 189 217 168 149 122 18 159 97 168 62 238 54 231 25 4 109 4 269 13 66 50 166 259 117 30 37 146 146 268 61 73 123 155 288 47 17 251 53 178 248 68 37 251 227 214 107 163 252 163 155 48 243 181 111 255 97 225 61 120 70 222 227 146 31 78 76 90 70 69 218 298 235 44 216 46 208 73 222 61 103 236 127 96 58 49 74 207 212 274 272 73 214 260 37 206 192 285 297 11 13 286 281 281 64 298 38 194 9 28 209 241 156 297 8 66 134
300
128 128 128 128 128 128 128 128 128 128 128 128 128 128 128 128 128 128 128 128 128 128 128 128 128 128 128 128 128 128 128 128 128 128 128 128 128 128 128 128 128 128 128 128 128 128 128 128 128 128 128 128 128 128 128 128 128 128 128 128 128 128 128 128 128 128 128 128 128 128 128 128 128 128 128 128 128 128 128 128 128 128 128 128 128 128 128 128 128 128 128 128 128 128 128 128 128 128 128 128 128 128 128 128 128 128 128 128 128 128 128 128 128 128 128 128 128 128 128 128 128 128 128 128 128 128 128 128 128 128 128 128 128 128 128 128 128 128 128 128 128 128 128 128 128 128 128 128 128 128 128 128 128 128 128 128 128 128 128 128 128 128 128 128 128 128 128 128 128 128 128 128 128 128 128 128 128 128 128 128 128 128 128 128 128 128 128 128 128 128 128 128 128 128 128 128 128 128 128 128 128 128 128 128 128 128 128 128 128 128 128 128 128 128 128 128 128 128 128 128 128 128 128 128 128 128 128 128 128 128 128 128 128 128 128 128 128 128 128 128 128 128 128 128 128 128 128 128 128 128 128 128 128 128 128 128 128 128 128 128 128 128 128 128 128 128 128 128 128 128 128 128 128 128 128 128 128 128 128 128 128 128 128 128 128 128 128 128 128 128 128 128 128 128 128 128 128 128 128 128
300
39 224 100 234 55 207 218 50 26 216 204 186 274 88 28 135 196 115 33 241 175 268 227 63 115 13 23 169 162 251 140 179 91 272 261 267 274 290 5 99 152 227 233 253 207 277 245 270 248 200 74 168 218 61 205 144 226 254 176 236 249 27 153 157 29 267 299 283 16 140 241 195 253 47 32 201 221 83 296 240 241 55 298 251 113 130 117 13 204 291 11 43 45 202 237 221 297 101 97 218 261 130 26 159 35 288 217 171 56 283 115 12 201 177 47 257 142 111 178 15 214 25 16 252 5 261 288 214 226 205 87 40 65 59 93 56 120 69 220 33 52 209 257 1 198 34 40 122 194 63 232 272 4 31 27 14 190 118 295 294 234 52 9 282 216 16 65 136 253 154 78 60 152 52 143 9 229 1 74 277 61 170 188 294 146 90 89 217 264 177 174 68 59 21 84 278 41 212 230 65 62 212 278 189 42 292 88 215 106 162 192 56 271 142 277 267 196 126 261 281 191 161 271 192 158 65 43 25 69 152 69 22 230 151 16 154 168 102 132 19 97 174 278 90 220 176 263 201 30 234 144 258 42 191 60 38 106 279 126 124 200 64 93 238 263 90 33 257 255 46 216 197 190 1 300 211 243 163 235 279 75 286 185 232 55 239 140 26 237 264 58 33 170 231 170 291 79 118 48 56
400
332 90 75 70 13 288 82 199 279 345 381 312 40 16 91 276 187 340 272 344 124 397 64 34 286 83 329 169 208 123 167 125 13 3 34 289 243 289 330 198 391 198 102 74 102 89 169 385 303 274 342 226 320 291 326 198 174 382 24 380 233 323 8 273 30 56 290 94 15 335 296 162 305 114 387 161 132 114 279 29 296 272 266 309 46 107 7 107 125 44 205 330 326 126 221 247 313 83 36 135 169 226 277 34 350 5 188 278 314 66 254 367 47 88 148 38 286 157 138 360 162 85 355 232 159 38 127 311 261 154 320 323 330 116 137 238 182 54 280 288 48 243 133 303 266 208 379 223 104 1 24 133 279 257 208 400 156 209 86 42 266 373 381 298 104 44 187 206 226 15 63 184 46 123 197 86 66 258 312 199 85 254 8 250 67 280 396 73 357 184 297 326 256 286 115 261 380 1 339 251 72 342 395 53 141 275 70 75 256 164 291 166 219 285 147 80 46 145 336 251 50 355 273 166 159 204 379 107 31 332 187 396 242 196 289 175 243 387 79 279 346 223 179 117 324 118 96 334 272 214 4 31 171 170 325 271 399 374 317 228 7 37 392 41 22 304 284 30 281 66 393 144 378 170 368 139 358 193 392 269 65 381 335 172 73 164 46 331 168 85 96 41 46 132 325 235 302 100 210 187 199 74 155 400 359 143 339 16 267 70 275 387 346 383 153 91 290 123 99 145 354 257 45 161 331 256 296 232 97 118 251 381 358 289 317 286 392 148 196 125 74 332 392 235 97 387 140 34 208 21 254 393 150 81 12 196 197 67 393 139 295 63 352 204 28 112 137 355 87 226 234 105 154 12 368 170 303 35 366 379 25 219 356 332 138 319 4 315 326 307 273 265 375 343 313 81 371 63 213 87
400
134 379 193 174 156 165 398 130 330 348 37 295 62 23 261 159 97 375 337 253 349 149 377 103 204 123 70 93 195 225 182 217 31 236 297 23 206 114 298 183 194 81 370 48 145 64 282 55 400 182 400 48 258 346 157 293 27 186 292 373 58 144 28 30 198 162 257 318 248 121 104 38 90 180 18 368 158 398 68 275 66 205 148 101 162 349 86 352 383 12 392 360 111 135 314 172 132 325 131 282 97 290 32 312 187 127 301 257 220 152 89 364 366 166 21 115 278 166 254 274 95 345 123 351 89 382 40 138 176 189 341 196 34 373 377 165 268 201 107 72 180 102 274 234 44 312 363 51 149 61 235 51 3 298 277 97 320 252 222 128 115 322 384 68 34 74 396 228 293 345 227 31 317 143 167 307 229 58 285 92 280 74 262 155 323 213 14 247 364 267 36 152 148 221 60 193 297 9 161 109 366 137 191 206 367 317 399 114 256 118 340 215 38 165 183 161 248 67 30 233 6 258 370 327 283 148 400 324 223 11 32 121 272 384 261 29 67 215 324 157 373 339 280 252 215 342 165 221 185 236 92 382 229 41 271 376 176 400 214 340 237 262 352 320 371 230 141 18 207 309 12 13 109 265 161 258 371 262 234 360 382 329 1 143 274 281 36 97 124 138 372 42 58 227 155 202 269 179 1 88 349 224 320 201 366 240 343 113 355 27 28 10 304 80 134 291 244 24 185 26 6 88 19 221 334 219 327 365 184 271 184 373 341 62 328 346 131 176 321 323 14 63 180 10 22 267 128 355 371 399 86 12 310 212 171 262 178 100 205 324 379 146 297 33 30 312 332 279 193 145 360 381 220 168 234 241 88 224 266 326 183 150 99 239 69 132 243 237 125 280 181 293 159 372 189 86 256 342 115 118
400
41 162 123 133 42 342 32 262 390 399 89 395 213 201 374 199 234 362 306 325 345 375 221 166 264 378 253 44 137 355 337 183 311 253 118 205 111 179 221 15 18 194 397 266 56 208 277 283 230 77 357 71 338 89 365 58 135 230 357 382 53 192 31 158 346 362 266 123 359 187 153 303 60 393 116 336 278 148 284 103 170 150 340 274 130 90 303 375 279 27 85 58 255 190 74 385 106 162 208 198 40 86 59 252 93 93 245 261 199 62 372 163 335 126 9 398 190 194 75 54 275 319 35 234 258 37 296 392 126 172 110 309 138 125 155 111 301 36 218 337 260 181 228 183 349 397 283 211 145 281 136 319 208 205 40 4 196 14 147 362 383 288 46 241 22 280 337 112 339 377 266 396 293 337 323 107 139 297 114 312 145 56 160 314 377 394 365 1 397 64 322 33 260 119 214 82 324 253 85 342 71 145 253 269 353 251 315 198 145 140 54 343 230 55 234 302 212 271 73 329 214 291 364 259 182 184 48 256 363 246 95 43 339 118 107 61 321 10 3 305 376 285 319 310 201 140 158 165 57 5 291 291 87 95 171 217 380 11 82 322 148 282 375 373 252 351 157 180 269 326 275 164 184 100 358 62 146 337 21 341 129 372 181 297 183 269 118 267 191 313 214 114 214 353 21 45 365 308 329 170 188 7 163 263 296 202 17 311 376 397 21 119 84 258 70 225 191 37 197 192 231 41 307 294 154 308 305 91 204 334 184 343 166 358 219 209 145 150 377 8 131 168 375 275 185 265 349 356 326 13 48 162 251 195 257 135 184 58 355 199 337 52 146 82 244 74 275 300 170 81 118 379 237 91 147 336 137 304 244 10 325 143 63 263 212 384 328 141 7 76 308 72 5 95 208 340 190 348 211 271
400
382 252 177 385 310 379 205 322 88 219 64 146 139 84 34 314 104 281 263 144 223 223 128 186 103 224 341 56 373 59 66 291 224 47 32 352 98 168 374 58 97 216 112 175 302 154 254 121 45 35 64 1 327 218 80 63 205 217 80 116 141 100 215 395 346 282 118 365 7 234 191 5 52 56 328 387 92 111 332 389 302 121 99 323 267 237 20 121 175 281 248 138 372 384 32 83 355 293 185 63 268 201 143 121 361 338 368 70 173 156 259 36 306 164 25 334 196 51 66 34 264 151 355 212 98 8 391 68 213 394 195 221 123 350 14 352 151 270 369 209 313 281 188 399 115 59 73 58 170 81 100 16 79 76 395 89 254 324 227 372 166 30 187 145 74 321 149 288 72 133 210 154 248 333 397 159 199 279 123 351 213 50 130 269 75 271 103 353 113 75 364 141 15 364 314 306 34 73 219 339 290 319 348 58 18 385 96 250 119 336 200 134 220 60 258 176 165 329 192 388 115 262 395 261 312 58 135 8 315 127 24 128 126 387 53 138 398 333 157 122 155 13 71 293 89 311 350 33 277 386 221 41 172 44 103 342 265 320 394 155 365 58 261 127 388 10 375 240 69 264 74 70 74 39 49 213 354 60 397 56 131 113 326 330 163 101 264 70 265 327 108 115 240 3 185 392 236 364 138 214 47 186 209 341 94 245 92 15 320 83 88 141 295 159 323 334 242 75 23 319 225 103 307 56 59 18 348 259 349 367 244 2 84 236 217 97 189 240 2 314 58 19 38 264 392 211 205 366 127 228 10 72 346 39 234 210 215 350 262 248 160 78 79 222 268 374 379 17 16 271 394 125 250 293 223 321 367 134 75 336 243 280 60 233 377 239 342 9 172 239 304 127 158 31 35 80 190 79 206 84
500
425 223 127 261 398 106 225 115 288 148 295 86 121 182 76 226 418 293 413 361 153 26 150 441 248 13 499 382 390 315 160 370 365 106 472 38 180 344 21 215 289 319 207 161 233 176 352 298 395 317 6 302 170 212 435 106 43 285 493 438 391 271 180 471 193 184 41 241 382 450 316 350 100 348 217 208 213 324 199 155 212 428 13 85 457 204 237 421 361 188 438 498 27 362 428 406 385 330 179 31 486 480 364 444 178 58 155 275 499 427 301 474 69 59 364 143 140 40 361 8 300 184 61 267 2 292 448 162 61 268 137 379 267 228 446 82 425 91 450 27 400 361 100 357 310 458 95 219 181 33 62 183 105 394 231 64 192 500 75 192 93 74 272 33 101 220 133 7 230 241 408 403 21 166 57 71 299 65 419 369 138 195 193 420 273 290 491 449 465 432 437 107 69 248 151 89 232 26 485 427 466 157 277 119 333 422 163 109 81 404 224 426 405 346 326 393 283 464 26 98 325 34 383 483 490 106 215 152 201 412 124 479 416 374 444 240 371 176 428 325 182 350 1 69 169 237 324 202 258 92 392 428 144 491 321 20 142 119 275 173 378 151 424 226 347 14 170 372 273 250 156 70 311 436 419 486 21 393 344 337 344 5 356 470 322 187 182 419 459 76 320 381 4 482 17 392 13 83 391 170 238 394 408 320 429 279 285 446 83 306 29 256 132 157 255 264 360 81 423 467 355 421 246 314 151 187 96 130 309 210 182 327 334 437 268 16 406 344 48 27 110 240 316 110 125 82 368 199 124 298 256 488 464 218 88 326 188 244 108 323 419 375 259 389 192 139 343 25 368 294 63 88 386 195 432 212 385 205 152 170 12 235 183 127 132 382 487 81 117 174 27 211 438 178 15 407 278 263 266 375 386 68 95 330 63 407 94 33 79 69 398 421 322 58 467 63 157 183 62 249 8 161 78 266 180 107 446 282 155 311 192 290 247 29 12 467 161 79 309 241 163 340 75 205 152 367 158 332 50 43 2 388 27 465 283 353 208 233 223 153 488 53 302 423 421 394 161 58 460 188 110 200 5 264 59 389 160 304 65 166 271 239 474 26 372 278 186 67 231 18 195 44 467 230 299 86 127 463 459 190
500
172 412 214 285 435 225 14 133 81 412 475 19 226 263 399 215 37 410 331 123 397 243 40 45 487 189 318 144 285 265 228 265 223 229 105 181 397 124 78 185 238 231 494 413 403 420 39 405 379 304 57 149 258 117 499 134 59 314 64 125 494 487 460 312 405 492 45 135 235 484 64 281 91 77 207 358 178 81 258 363 247 16 160 148 494 13 181 498 183 299 418 481 40 89 357 7 222 379 489 42 23 2 4 158 220 241 467 27 30 106 313 318 186 409 312 493 145 236 293 44 291 234 366 281 252 155 233 131 256 403 94 251 499 162 245 395 214 81 361 347 99 464 44 369 283 411 189 348 180 108 90 320 164 44 97 312 80 413 489 140 101 141 56 241 95 93 488 10 239 52 447 39 185 445 215 293 438 246 470 132 494 134 21 284 89 450 71 459 442 343 413 361 197 500 271 409 170 405 357 431 242 442 51 311 53 218 370 5 95 42 304 326 411 303 82 297 202 307 216 325 182 374 144 30 258 23 407 246 243 196 292 191 280 140 238 430 358 435 13 294 11 187 111 129 416 246 425 366 184 34 463 39 303 416 444 25 46 284 367 234 301 241 121 498 155 328 308 421 220 233 427 159 485 242 11 302 456 150 321 400 258 349 18 21 5 26 227 395 437 222 293 374 253 299 59 467 246 327 65 331 188 462 89 169 398 25 432 396 139 349 128 186 192 139 247 446 148 49 226 67 45 340 291 232 137 312 407 319 245 21 280 233 433 120 23 104 136 225 197 416 270 158 124 182 335 52 95 50 325 7 61 139 68 280 278 92 489 435 86 485 389 359 499 490 395 489 445 115 205 131 476 462 275 108 406 220 77 103 206 58 483 106 472 47 245 441 333 297 235 344 401 2 225 423 232 455 139 35 386 495 349 325 367 389 353 181 190 77 357 410 227 486 302 337 50 208 165 359 346 216 233 91 15 313 345 95 264 40 156 169 500 211 426 29 475 41 321 340 79 133 188 384 276 337 122 67 276 142 387 170 403 473 302 248 207 271 422 85 79 144 366 286 325 104 306 489 408 56 429 461 67 443 364 306 239 444 480 418 251 276 123 38 97 215 387 67 376 367 135 207 432 460 422 232 486 421 205 359 473 434
500
395 120 172 192 436 256 18 9 359 72 225 156 410 57 263 24 114 162 284 275 467 12 139 85 471 99 66 31 319 77 317 288 441 267 318 187 448 280 233 410 461 20 40 66 290 222 478 16 135 465 315 312 144 126 91 228 150 101 296 324 94 264 145 167 204 168 421 100 221 397 459 73 118 146 95 172 261 193 109 373 266 292 328 479 80 324 406 362 260 96 182 348 181 77 490 431 380 53 258 366 410 378 73 332 455 429 338 285 386 358 221 434 214 334 172 387 363 70 456 223 90 181 128 244 193 213 296 136 262 310 17 43 37 76 281 21 424 314 469 338 23 150 443 240 284 247 409 2 452 68 17 479 451 343 290 468 77 375 107 73 362 325 371 37 35 349 88 481 464 403 368 115 280 80 465 335 268 43 320 210 20 371 393 373 412 303 308 400 30 79 67 40 251 308 474 145 243 407 403 288 40 194 96 252 370 400 349 35 213 235 402 216 75 306 256 315 101 403 235 236 47 385 116 335 490 3 164 15 141 466 161 254 372 183 499 309 377 247 485 88 227 226 329 344 300 282 378 251 365 454 373 292 69 202 98 227 198 8 223 415 351 88 165 426 6 489 70 161 96 264 99 281 175 348 299 73 19 482 59 134 149 421 439 307 443 177 117 256 252 157 457 232 167 151 285 358 481 196 18 305 160 407 478 372 445 130 419 433 234 438 235 347 80 6 170 338 158 75 414 394 51 406 313 208 489 270 488 104 87 316 69 394 376 213 278 387 448 295 280 142 278 190 443 84 151 264 212 61 342 434 291 420 252 441 491 237 430 178 342 189 177 486 97 393 461 225 218 323 121 423 156 5 469 91 477 467 305 215 199 272 262 72 153 83 339 344 406 300 438 150 211 140 358 109 456 197 38 67 388 179 423 130 70 178 227 340 307 429 47 75 478 154 363 189 469 368 247 158 388 497 136 238 326 223 495 445 488 245 68 443 403 157 339 121 226 205 344 377 427 334 405 221 76 245 460 455 341 261 472 320 284 279 56 74 254 436 279 486 444 168 223 66 283 263 108 331 312 249 287 27 203 86 162 457 43 199 278 160 135 218 304 229 122 24 104 103 120 53 355 117 95 415 314 227 77 474 31 89 464 497
500
328 468 317 329 289 126 13 70 25 448 332 118 237 284 445 378 422 89 44 421 80 194 418 127 54 26 31 467 466 396 454 34 76 368 427 299 50 167 87 101 119 243 113 353 476 447 224 281 54 270 198 485 458 25 395 207 309 218 356 166 223 282 378 322 18 411 46 240 250 102 230 28 229 75 425 6 440 151 215 469 352 201 407 204 202 332 486 451 219 123 433 290 197 294 241 113 262 392 404 112 238 118 263 459 490 31 267 72 29 12 29 103 368 454 62 303 30 158 322 227 214 380 227 216 39 291 352 369 303 320 48 170 95 349 361 450 391 304 380 147 451 403 206 255 273 402 128 104 160 35 195 279 376 38 92 490 210 194 482 39 491 2 367 40 180 223 432 41 272 29 155 391 382 488 215 446 396 361 119 301 13 289 58 408 70 285 119 422 139 142 295 288 328 495 227 445 280 461 276 452 129 215 188 64 465 454 451 482 114 286 322 112 85 265 94 56 120 216 480 186 451 372 152 226 135 155 143 137 490 39 158 155 310 277 459 258 386 246 202 49 456 42 141 395 36 338 380 420 165 299 428 292 353 304 340 183 388 85 104 41 107 456 1 303 247 272 457 397 295 99 25 349 345 132 220 32 297 366 186 144 467 216 453 346 444 453 75 433 414 457 444 71 199 237 389 494 259 163 249 237 81 6 295 500 248 469 52 313 305 305 447 53 404 444 166 290 167 323 270 238 395 156 277 48 302 197 371 350 91 55 180 402 135 250 424 137 324 336 405 53 465 64 288 221 245 446 448 127 363 212 460 37 397 134 63 356 223 141 190 365 499 460 440 313 87 372 413 307 318 194 393 436 451 379 34 442 110 51 497 193 180 437 449 22 341 90 37 212 204 432 446 93 431 29 232 256 67 204 261 276 326 143 374 478 407 205 402 418 203 2 52 228 466 41 397 297 303 293 247 430 59 191 472 460 186 323 333 317 176 333 92 291 100 154 319 259 483 59 72 107 419 141 434 196 108 426 161 485 175 454 17 124 269 62 295 148 418 41 105 446 250 140 262 280 208 412 477 495 293 248 114 412 203 24 6 269 195 216 60 356 236 390 20 40 354 444 335 52 165 24 146 429 433 260 20 191 141 204 139 301
500
198 495 33 66 221 156 313 408 343 320 292 307 466 387 129 203 492 69 65 209 284 320 19 407 148 32 354 309 348 476 191 177 444 175 269 123 65 459 73 360 486 309 94 309 477 149 302 94 123 408 107 192 367 127 451 145 17 165 373 2 363 409 244 7 213 229 69 178 34 455 51 163 294 262 85 402 378 160 182 497 408 329 307 292 79 254 80 398 83 110 26 130 261 256 340 358 13 487 265 50 91 335 360 356 500 249 217 82 301 144 484 297 193 333 200 141 179 416 377 282 494 456 44 189 48 185 130 233 453 48 52 219 220 142 491 95 130 304 4 310 94 251 29 153 117 388 304 300 339 486 419 455 194 27 184 335 181 287 371 216 7 15 79 93 86 309 142 313 45 273 211 205 322 443 44 74 420 429 431 328 448 456 457 355 226 347 494 385 101 436 31 204 181 461 285 313 299 388 117 253 242 430 401 83 263 74 434 307 442 166 418 374 376 438 384 33 236 479 9 386 158 426 413 368 113 194 171 374 224 247 129 203 243 55 120 153 183 114 206 484 355 309 125 84 212 360 463 50 164 456 94 278 494 174 266 228 241 293 188 5 173 214 298 32 442 470 208 86 256 155 313 477 127 39 167 500 224 74 403 44 84 46 64 430 355 447 477 45 135 76 117 92 139 128 115 115 62 390 30 482 144 143 79 239 130 272 452 358 165 283 51 433 369 289 296 405 315 135 307 462 433 325 262 221 364 290 17 176 426 142 10 370 490 408 235 33 265 196 414 320 233 312 360 445 27 425 225 195 321 476 192 95 66 97 414 100 273 317 43 252 388 183 255 169 349 368 386 168 298 199 239 212 346 337 226 155 327 465 8 185 72 100 206 445 334 416 157 203 275 442 410 386 203 313 6 31 31 361 79 494 330 208 407 54 402 422 184 147 439 159 93 257 218 485 68 250 405 42 136 132 225 24 205 202 191 228 418 37 59 8 467 445 258 120 155 60 215 214 143 49 100 257 183 190 122 499 168 101 243 275 447 147 194 306 193 404 236 431 12 390 369 388 145 229 148 67 10 108 116 19 454 338 111 480 43 149 96 364 3 359 144 114 246 238 472 115 10 437 90 164 28 26 149 399 314 400 62 185 26 161
